0,283
0,243
10,5
10,125
10,148
11,4
11,16
11,10
11,12
11,14
9,7
9,6
9,4
8,6
8,11
8,4
8,17
8,9
24,3
24,2
24,1
24,0
12,3
12,2
12,1
11,27
11,26
11,25
11,24
11,23
11,22
11,21
11,20
11,19
11,15
11,13
11,11
20,2
11,9
11,7
11,3
20,1
11,2
20,3
11,1
10,308
10,307
10,306
10,305
10,304
10,303
10,302
10,301
10,300
10,299
10,298
10,297
10,296
10,295
19,2
10,294
19,1
10,293
19,3
10,292
10,291
10,290
10,289
10,288
10,287
10,286
10,285
10,284
10,283
10,282
10,281
10,280
10,279
10,278
10,277
10,276
10,275
10,274
